-11.756585
-11.860146
-8.271273
-11.798883
-12.294058
-11.940916
-13.195910
-10.916577
-10.905778
-10.107057
-12.487653
-10.775185
-10.685461
-11.169874
-10.111584
-12.398676
-11.061025
-13.591155
-12.847117
-11.207513
-12.607508
-10.934533
-14.478346
-11.673678
-10.930571
-11.421471
-12.321042
-15.530260
-12.953130
-12.221429
-11.004164
-11.174228
-11.546754
-12.533850
-5.429533
-11.013264
-12.682537
-10.918231
-12.462634
-11.308616
-12.718014
-11.997049
-11.244562
-12.095271
-10.661852
-11.507488
-5.546119
-11.513674
-9.984210
-12.439858
-14.835190
-11.774984
-11.232797
-13.494041
-12.565831
-10.845830
-13.339529
-10.999291
-11.890547
-11.246358
-11.553634
-15.182791
-14.101386
-13.092947
-1.808121
-0.903058
-13.413767
-3.525308
-13.429813
-10.770356
-12.029392
-14.440691
-10.740953
-11.725620
-11.179653
-10.742993
-12.048506
-12.429046
-11.635105
-14.810328
-11.995687
-7.993319
-11.424104
-10.629237
-10.602330
-12.661912
-14.561828
-13.287230
-4.371421
-3.578709
-11.326014
-11.456656
-1.047210
-16.470708
-13.670696
-10.261832
-11.899190
-13.081757
-11.740486
-10.621943
