-4.753059
-4.054155
-9.871779
-5.218015
-12.780326
-9.959524
-5.434849
-3.707093
-4.006677
-4.650523
-9.652279
-10.459244
-3.271643
-3.584131
-9.487850
-5.660983
-4.374262
-3.585207
-10.607798
-4.077028
-3.208018
-4.578040
-11.985095
-9.725305
-9.217374
-9.847938
-3.260834
-5.368334
-3.364217
-4.620904
-4.372278
-12.107150
-4.849712
-4.974443
-5.199102
-4.053672
-9.870244
-3.460824
-6.027435
-3.908808
-11.825273
-11.005024
-4.632583
-9.868319
-4.564358
-9.180345
-3.722415
-10.054841
-4.145224
-3.734237
-11.531109
-3.776016
-9.812568
-10.191424
-11.735890
-4.072921
-5.676655
-10.244442
-4.247265
-5.542513
-10.529034
-4.941567
-10.494338
-10.503345
-11.036042
-5.675871
-4.936449
-4.534719
-5.234074
-4.013413
-10.667730
-10.770744
-3.336410
-11.197695
-11.275188
-5.127351
-6.889851
-3.146650
-5.893344
-3.631111
-3.985559
-12.248531
-3.812871
-5.371754
-6.091450
-10.290121
-6.966029
-3.528671
-3.074462
-3.381676
-5.507997
-5.271397
-7.507680
-10.968756
-10.514015
-6.101135
-3.237529
-4.074621
-6.782037
-6.084349
