-11.253809
-9.500316
-12.485759
-8.764896
-12.198164
-8.816427
-15.059516
-13.140580
-9.286765
-12.338031
-10.952783
-9.649338
-9.711567
-11.007048
-7.869570
-10.838880
-11.154609
-10.927278
-10.011794
-3.049247
-9.429276
-10.007729
-11.066990
-4.662556
-2.091465
-10.723192
-1.662268
-10.235132
-9.919828
-2.879307
-10.471980
-10.053511
-13.312983
-10.810565
-10.526082
-13.276149
-12.260595
-11.677621
-10.060431
-11.615612
-3.344255
-12.908395
-11.091210
-12.609882
-10.790620
-7.013611
-9.734675
-3.324704
-9.628532
-12.316738
-10.015592
-10.868966
-9.835951
-10.672423
-10.589091
-10.686471
-2.058608
-9.930496
-5.509839
-11.122469
-9.700090
-10.979396
-11.086642
-4.900015
-12.605825
-9.282154
-2.422172
-10.989946
-9.993017
-9.145760
-10.709159
-10.718838
-10.606500
-9.798709
-14.725200
-2.577326
-10.492586
-4.914300
-10.805251
-12.713274
-9.504588
-9.296985
-11.536954
-10.267467
-12.637827
-10.724458
-11.037036
-11.234018
-12.016754
-12.013209
-1.914334
-10.934644
-10.383784
-3.219082
-11.824520
-12.340585
-11.314932
-10.423821
-10.940858
-9.513971
